{
 "cells": [
  {
   "cell_type": "markdown",
   "id": "7608738a",
   "metadata": {},
   "source": [
    "## Imports:"
   ]
  },
  {
   "cell_type": "code",
   "execution_count": 57,
   "id": "b2303718",
   "metadata": {},
   "outputs": [],
   "source": [
    "import pandas as pd\n",
    "import plotly.express as px\n",
    "import plotly.graph_objects as go"
   ]
  },
  {
   "cell_type": "markdown",
   "id": "52ba25b2",
   "metadata": {},
   "source": [
    "# Importerer data:"
   ]
  },
  {
   "cell_type": "code",
   "execution_count": 58,
   "id": "f753e84b",
   "metadata": {},
   "outputs": [
    {
     "name": "stderr",
     "output_type": "stream",
     "text": [
      "C:\\Users\\Tobias\\AppData\\Local\\Temp\\ipykernel_4072\\540487812.py:1: DtypeWarning:\n",
      "\n",
      "Columns (20) have mixed types. Specify dtype option on import or set low_memory=False.\n",
      "\n"
     ]
    }
   ],
   "source": [
    "df = pd.read_csv(\"../data/processed_data/train.csv\")"
   ]
  },
  {
   "cell_type": "markdown",
   "id": "bce41297",
   "metadata": {},
   "source": [
    "# lager korelasjons matrise:"
   ]
  },
  {
   "cell_type": "code",
   "execution_count": 59,
   "id": "a5d3b83e",
   "metadata": {},
   "outputs": [
    {
     "data": {
      "application/vnd.plotly.v1+json": {
       "config": {
        "plotlyServerURL": "https://plot.ly"
       },
       "data": [
        {
         "coloraxis": "coloraxis",
         "hovertemplate": "Features: %{x}<br>Features: %{y}<br>Correlation: %{z}<extra></extra>",
         "name": "0",
         "type": "heatmap",
         "x": [
          "target_actual",
          "target_sched",
          "flights_cnt",
          "avg_duration",
          "max_duration",
          "passenger_share",
          "cargo_share",
          "charter_share",
          "dow",
          "month",
          "hournum",
          "weekend",
          "daily_flights_cnt",
          "flights_cnt_prev",
          "flights_cnt_next"
         ],
         "xaxis": "x",
         "y": [
          "target_actual",
          "target_sched",
          "flights_cnt",
          "avg_duration",
          "max_duration",
          "passenger_share",
          "cargo_share",
          "charter_share",
          "dow",
          "month",
          "hournum",
          "weekend",
          "daily_flights_cnt",
          "flights_cnt_prev",
          "flights_cnt_next"
         ],
         "yaxis": "y",
         "z": [
          [
           1,
           0.5544138808320795,
           0.5266486187512637,
           -0.14769506332162868,
           0.019233512411055687,
           0.06531529133777497,
           -0.030545510522082684,
           -0.04849617499300819,
           -0.05421639517477249,
           0.022069392787032713,
           -0.07803568839376229,
           -0.08418095804588784,
           0.0904009728302983,
           -0.040094640057853584,
           0.04986719322619906
          ],
          [
           0.5544138808320795,
           1,
           0.6354440921749083,
           -0.21543298495501714,
           0.003621908052097768,
           0.054559243306754636,
           -0.024278625938817616,
           -0.04876830913683737,
           -0.06526636729926967,
           0.010562407751159197,
           -0.07786928595643537,
           -0.10039126482977916,
           0.04135373224917817,
           -0.007998955435076598,
           0.013823466820382607
          ],
          [
           0.5266486187512637,
           0.6354440921749083,
           1,
           -0.013329241932280326,
           0.20954561754564913,
           0.030374491971652408,
           -0.007565993448119693,
           -0.028296544624413746,
           -0.05648942297817888,
           0.011732520251009128,
           -0.09854714206839489,
           -0.08861562031316635,
           0.18010847671386676,
           -0.037590057059706576,
           0.019842557606427693
          ],
          [
           -0.14769506332162868,
           -0.21543298495501714,
           -0.013329241932280326,
           1,
           0.8736562949698877,
           -0.37832427900244303,
           0.07249684879868702,
           0.48301412372261165,
           0.08661785111847554,
           -0.008489776973208329,
           0.012794324089694555,
           0.11932789839476357,
           0.14169239894458133,
           -0.01624602586915908,
           0.038391161403504404
          ],
          [
           0.019233512411055687,
           0.003621908052097768,
           0.20954561754564913,
           0.8736562949698877,
           1,
           -0.3442443041114405,
           0.06648603583800658,
           0.43693467566525634,
           0.06534912337977566,
           -0.00530086382217311,
           -0.03279461341446132,
           0.08382080630440163,
           0.17221283122738024,
           0.001735155549416961,
           0.04339339389285295
          ],
          [
           0.06531529133777497,
           0.054559243306754636,
           0.030374491971652408,
           -0.37832427900244303,
           -0.3442443041114405,
           1,
           -0.6246525531635083,
           -0.6909023724428885,
           -0.035135165032557786,
           0.0030907951138510795,
           0.01805549231345478,
           -0.05475858702660431,
           0.03331316486218498,
           0.00678294488335534,
           0.009843949124796705
          ],
          [
           -0.030545510522082684,
           -0.024278625938817616,
           -0.007565993448119693,
           0.07249684879868702,
           0.06648603583800658,
           -0.6246525531635083,
           1,
           0.04832531575311217,
           0.011728919911898346,
           0.0014327932285494247,
           -0.0036170026199283728,
           0.01942905896309251,
           0.0003575747134229323,
           0.005384381279547817,
           -0.002025724615100554
          ],
          [
           -0.04849617499300819,
           -0.04876830913683737,
           -0.028296544624413746,
           0.48301412372261165,
           0.43693467566525634,
           -0.6909023724428885,
           0.04832531575311217,
           1,
           0.0448017639904792,
           -0.0014568048653093026,
           -0.008213522351453072,
           0.06682520726861983,
           -0.04475102601486931,
           -0.008357829333502351,
           -0.010981858241198808
          ],
          [
           -0.05421639517477249,
           -0.06526636729926967,
           -0.05648942297817888,
           0.08661785111847554,
           0.06534912337977566,
           -0.035135165032557786,
           0.011728919911898346,
           0.0448017639904792,
           1,
           0.005418295330022437,
           0.08568291925856655,
           0.7276037460939216,
           -0.3895638984581701,
           -0.047690608504946164,
           -0.035281567497995214
          ],
          [
           0.022069392787032713,
           0.010562407751159197,
           0.011732520251009128,
           -0.008489776973208329,
           -0.00530086382217311,
           0.0030907951138510795,
           0.0014327932285494247,
           -0.0014568048653093026,
           0.005418295330022437,
           1,
           -0.017031984172979887,
           0.00014343423024929645,
           0.041856787694121704,
           0.008429372339296914,
           0.006547005374200078
          ],
          [
           -0.07803568839376229,
           -0.07786928595643537,
           -0.09854714206839489,
           0.012794324089694555,
           -0.03279461341446132,
           0.01805549231345478,
           -0.0036170026199283728,
           -0.008213522351453072,
           0.08568291925856655,
           -0.017031984172979887,
           1,
           0.09125912342992831,
           -0.020954413308236285,
           0.11789286278970863,
           -0.13470254075765606
          ],
          [
           -0.08418095804588784,
           -0.10039126482977916,
           -0.08861562031316635,
           0.11932789839476357,
           0.08382080630440163,
           -0.05475858702660431,
           0.01942905896309251,
           0.06682520726861983,
           0.7276037460939216,
           0.00014343423024929645,
           0.09125912342992831,
           1,
           -0.5785577271246041,
           -0.07486017613273667,
           -0.06307121001570336
          ],
          [
           0.0904009728302983,
           0.04135373224917817,
           0.18010847671386676,
           0.14169239894458133,
           0.17221283122738024,
           0.03331316486218498,
           0.0003575747134229323,
           -0.04475102601486931,
           -0.3895638984581701,
           0.041856787694121704,
           -0.020954413308236285,
           -0.5785577271246041,
           1,
           0.210534696680001,
           0.20050849788233754
          ],
          [
           -0.040094640057853584,
           -0.007998955435076598,
           -0.037590057059706576,
           -0.01624602586915908,
           0.001735155549416961,
           0.00678294488335534,
           0.005384381279547817,
           -0.008357829333502351,
           -0.047690608504946164,
           0.008429372339296914,
           0.11789286278970863,
           -0.07486017613273667,
           0.210534696680001,
           1,
           -0.1732346524684606
          ],
          [
           0.04986719322619906,
           0.013823466820382607,
           0.019842557606427693,
           0.038391161403504404,
           0.04339339389285295,
           0.009843949124796705,
           -0.002025724615100554,
           -0.010981858241198808,
           -0.035281567497995214,
           0.006547005374200078,
           -0.13470254075765606,
           -0.06307121001570336,
           0.20050849788233754,
           -0.1732346524684606,
           1
          ]
         ]
        }
       ],
       "layout": {
        "autosize": false,
        "coloraxis": {
         "colorbar": {
          "title": {
           "text": "Correlation"
          }
         },
         "colorscale": [
          [
           0,
           "rgb(5,48,97)"
          ],
          [
           0.1,
           "rgb(33,102,172)"
          ],
          [
           0.2,
           "rgb(67,147,195)"
          ],
          [
           0.3,
           "rgb(146,197,222)"
          ],
          [
           0.4,
           "rgb(209,229,240)"
          ],
          [
           0.5,
           "rgb(247,247,247)"
          ],
          [
           0.6,
           "rgb(253,219,199)"
          ],
          [
           0.7,
           "rgb(244,165,130)"
          ],
          [
           0.8,
           "rgb(214,96,77)"
          ],
          [
           0.9,
           "rgb(178,24,43)"
          ],
          [
           1,
           "rgb(103,0,31)"
          ]
         ]
        },
        "height": 800,
        "margin": {
         "t": 60
        },
        "template": {
         "data": {
          "bar": [
           {
            "error_x": {
             "color": "#2a3f5f"
            },
            "error_y": {
             "color": "#2a3f5f"
            },
            "marker": {
             "line": {
              "color": "#E5ECF6",
              "width": 0.5
             },
             "pattern": {
              "fillmode": "overlay",
              "size": 10,
              "solidity": 0.2
             }
            },
            "type": "bar"
           }
          ],
          "barpolar": [
           {
            "marker": {
             "line": {
              "color": "#E5ECF6",
              "width": 0.5
             },
             "pattern": {
              "fillmode": "overlay",
              "size": 10,
              "solidity": 0.2
             }
            },
            "type": "barpolar"
           }
          ],
          "carpet": [
           {
            "aaxis": {
             "endlinecolor": "#2a3f5f",
             "gridcolor": "white",
             "linecolor": "white",
             "minorgridcolor": "white",
             "startlinecolor": "#2a3f5f"
            },
            "baxis": {
             "endlinecolor": "#2a3f5f",
             "gridcolor": "white",
             "linecolor": "white",
             "minorgridcolor": "white",
             "startlinecolor": "#2a3f5f"
            },
            "type": "carpet"
           }
          ],
          "choropleth": [
           {
            "colorbar": {
             "outlinewidth": 0,
             "ticks": ""
            },
            "type": "choropleth"
           }
          ],
          "contour": [
           {
            "colorbar": {
             "outlinewidth": 0,
             "ticks": ""
            },
            "colorscale": [
             [
              0,
              "#0d0887"
             ],
             [
              0.1111111111111111,
              "#46039f"
             ],
             [
              0.2222222222222222,
              "#7201a8"
             ],
             [
              0.3333333333333333,
              "#9c179e"
             ],
             [
              0.4444444444444444,
              "#bd3786"
             ],
             [
              0.5555555555555556,
              "#d8576b"
             ],
             [
              0.6666666666666666,
              "#ed7953"
             ],
             [
              0.7777777777777778,
              "#fb9f3a"
             ],
             [
              0.8888888888888888,
              "#fdca26"
             ],
             [
              1,
              "#f0f921"
             ]
            ],
            "type": "contour"
           }
          ],
          "contourcarpet": [
           {
            "colorbar": {
             "outlinewidth": 0,
             "ticks": ""
            },
            "type": "contourcarpet"
           }
          ],
          "heatmap": [
           {
            "colorbar": {
             "outlinewidth": 0,
             "ticks": ""
            },
            "colorscale": [
             [
              0,
              "#0d0887"
             ],
             [
              0.1111111111111111,
              "#46039f"
             ],
             [
              0.2222222222222222,
              "#7201a8"
             ],
             [
              0.3333333333333333,
              "#9c179e"
             ],
             [
              0.4444444444444444,
              "#bd3786"
             ],
             [
              0.5555555555555556,
              "#d8576b"
             ],
             [
              0.6666666666666666,
              "#ed7953"
             ],
             [
              0.7777777777777778,
              "#fb9f3a"
             ],
             [
              0.8888888888888888,
              "#fdca26"
             ],
             [
              1,
              "#f0f921"
             ]
            ],
            "type": "heatmap"
           }
          ],
          "heatmapgl": [
           {
            "colorbar": {
             "outlinewidth": 0,
             "ticks": ""
            },
            "colorscale": [
             [
              0,
              "#0d0887"
             ],
             [
              0.1111111111111111,
              "#46039f"
             ],
             [
              0.2222222222222222,
              "#7201a8"
             ],
             [
              0.3333333333333333,
              "#9c179e"
             ],
             [
              0.4444444444444444,
              "#bd3786"
             ],
             [
              0.5555555555555556,
              "#d8576b"
             ],
             [
              0.6666666666666666,
              "#ed7953"
             ],
             [
              0.7777777777777778,
              "#fb9f3a"
             ],
             [
              0.8888888888888888,
              "#fdca26"
             ],
             [
              1,
              "#f0f921"
             ]
            ],
            "type": "heatmapgl"
           }
          ],
          "histogram": [
           {
            "marker": {
             "pattern": {
              "fillmode": "overlay",
              "size": 10,
              "solidity": 0.2
             }
            },
            "type": "histogram"
           }
          ],
          "histogram2d": [
           {
            "colorbar": {
             "outlinewidth": 0,
             "ticks": ""
            },
            "colorscale": [
             [
              0,
              "#0d0887"
             ],
             [
              0.1111111111111111,
              "#46039f"
             ],
             [
              0.2222222222222222,
              "#7201a8"
             ],
             [
              0.3333333333333333,
              "#9c179e"
             ],
             [
              0.4444444444444444,
              "#bd3786"
             ],
             [
              0.5555555555555556,
              "#d8576b"
             ],
             [
              0.6666666666666666,
              "#ed7953"
             ],
             [
              0.7777777777777778,
              "#fb9f3a"
             ],
             [
              0.8888888888888888,
              "#fdca26"
             ],
             [
              1,
              "#f0f921"
             ]
            ],
            "type": "histogram2d"
           }
          ],
          "histogram2dcontour": [
           {
            "colorbar": {
             "outlinewidth": 0,
             "ticks": ""
            },
            "colorscale": [
             [
              0,
              "#0d0887"
             ],
             [
              0.1111111111111111,
              "#46039f"
             ],
             [
              0.2222222222222222,
              "#7201a8"
             ],
             [
              0.3333333333333333,
              "#9c179e"
             ],
             [
              0.4444444444444444,
              "#bd3786"
             ],
             [
              0.5555555555555556,
              "#d8576b"
             ],
             [
              0.6666666666666666,
              "#ed7953"
             ],
             [
              0.7777777777777778,
              "#fb9f3a"
             ],
             [
              0.8888888888888888,
              "#fdca26"
             ],
             [
              1,
              "#f0f921"
             ]
            ],
            "type": "histogram2dcontour"
           }
          ],
          "mesh3d": [
           {
            "colorbar": {
             "outlinewidth": 0,
             "ticks": ""
            },
            "type": "mesh3d"
           }
          ],
          "parcoords": [
           {
            "line": {
             "colorbar": {
              "outlinewidth": 0,
              "ticks": ""
             }
            },
            "type": "parcoords"
           }
          ],
          "pie": [
           {
            "automargin": true,
            "type": "pie"
           }
          ],
          "scatter": [
           {
            "fillpattern": {
             "fillmode": "overlay",
             "size": 10,
             "solidity": 0.2
            },
            "type": "scatter"
           }
          ],
          "scatter3d": [
           {
            "line": {
             "colorbar": {
              "outlinewidth": 0,
              "ticks": ""
             }
            },
            "marker": {
             "colorbar": {
              "outlinewidth": 0,
              "ticks": ""
             }
            },
            "type": "scatter3d"
           }
          ],
          "scattercarpet": [
           {
            "marker": {
             "colorbar": {
              "outlinewidth": 0,
              "ticks": ""
             }
            },
            "type": "scattercarpet"
           }
          ],
          "scattergeo": [
           {
            "marker": {
             "colorbar": {
              "outlinewidth": 0,
              "ticks": ""
             }
            },
            "type": "scattergeo"
           }
          ],
          "scattergl": [
           {
            "marker": {
             "colorbar": {
              "outlinewidth": 0,
              "ticks": ""
             }
            },
            "type": "scattergl"
           }
          ],
          "scattermapbox": [
           {
            "marker": {
             "colorbar": {
              "outlinewidth": 0,
              "ticks": ""
             }
            },
            "type": "scattermapbox"
           }
          ],
          "scatterpolar": [
           {
            "marker": {
             "colorbar": {
              "outlinewidth": 0,
              "ticks": ""
             }
            },
            "type": "scatterpolar"
           }
          ],
          "scatterpolargl": [
           {
            "marker": {
             "colorbar": {
              "outlinewidth": 0,
              "ticks": ""
             }
            },
            "type": "scatterpolargl"
           }
          ],
          "scatterternary": [
           {
            "marker": {
             "colorbar": {
              "outlinewidth": 0,
              "ticks": ""
             }
            },
            "type": "scatterternary"
           }
          ],
          "surface": [
           {
            "colorbar": {
             "outlinewidth": 0,
             "ticks": ""
            },
            "colorscale": [
             [
              0,
              "#0d0887"
             ],
             [
              0.1111111111111111,
              "#46039f"
             ],
             [
              0.2222222222222222,
              "#7201a8"
             ],
             [
              0.3333333333333333,
              "#9c179e"
             ],
             [
              0.4444444444444444,
              "#bd3786"
             ],
             [
              0.5555555555555556,
              "#d8576b"
             ],
             [
              0.6666666666666666,
              "#ed7953"
             ],
             [
              0.7777777777777778,
              "#fb9f3a"
             ],
             [
              0.8888888888888888,
              "#fdca26"
             ],
             [
              1,
              "#f0f921"
             ]
            ],
            "type": "surface"
           }
          ],
          "table": [
           {
            "cells": {
             "fill": {
              "color": "#EBF0F8"
             },
             "line": {
              "color": "white"
             }
            },
            "header": {
             "fill": {
              "color": "#C8D4E3"
             },
             "line": {
              "color": "white"
             }
            },
            "type": "table"
           }
          ]
         },
         "layout": {
          "annotationdefaults": {
           "arrowcolor": "#2a3f5f",
           "arrowhead": 0,
           "arrowwidth": 1
          },
          "autotypenumbers": "strict",
          "coloraxis": {
           "colorbar": {
            "outlinewidth": 0,
            "ticks": ""
           }
          },
          "colorscale": {
           "diverging": [
            [
             0,
             "#8e0152"
            ],
            [
             0.1,
             "#c51b7d"
            ],
            [
             0.2,
             "#de77ae"
            ],
            [
             0.3,
             "#f1b6da"
            ],
            [
             0.4,
             "#fde0ef"
            ],
            [
             0.5,
             "#f7f7f7"
            ],
            [
             0.6,
             "#e6f5d0"
            ],
            [
             0.7,
             "#b8e186"
            ],
            [
             0.8,
             "#7fbc41"
            ],
            [
             0.9,
             "#4d9221"
            ],
            [
             1,
             "#276419"
            ]
           ],
           "sequential": [
            [
             0,
             "#0d0887"
            ],
            [
             0.1111111111111111,
             "#46039f"
            ],
            [
             0.2222222222222222,
             "#7201a8"
            ],
            [
             0.3333333333333333,
             "#9c179e"
            ],
            [
             0.4444444444444444,
             "#bd3786"
            ],
            [
             0.5555555555555556,
             "#d8576b"
            ],
            [
             0.6666666666666666,
             "#ed7953"
            ],
            [
             0.7777777777777778,
             "#fb9f3a"
            ],
            [
             0.8888888888888888,
             "#fdca26"
            ],
            [
             1,
             "#f0f921"
            ]
           ],
           "sequentialminus": [
            [
             0,
             "#0d0887"
            ],
            [
             0.1111111111111111,
             "#46039f"
            ],
            [
             0.2222222222222222,
             "#7201a8"
            ],
            [
             0.3333333333333333,
             "#9c179e"
            ],
            [
             0.4444444444444444,
             "#bd3786"
            ],
            [
             0.5555555555555556,
             "#d8576b"
            ],
            [
             0.6666666666666666,
             "#ed7953"
            ],
            [
             0.7777777777777778,
             "#fb9f3a"
            ],
            [
             0.8888888888888888,
             "#fdca26"
            ],
            [
             1,
             "#f0f921"
            ]
           ]
          },
          "colorway": [
           "#636efa",
           "#EF553B",
           "#00cc96",
           "#ab63fa",
           "#FFA15A",
           "#19d3f3",
           "#FF6692",
           "#B6E880",
           "#FF97FF",
           "#FECB52"
          ],
          "font": {
           "color": "#2a3f5f"
          },
          "geo": {
           "bgcolor": "white",
           "lakecolor": "white",
           "landcolor": "#E5ECF6",
           "showlakes": true,
           "showland": true,
           "subunitcolor": "white"
          },
          "hoverlabel": {
           "align": "left"
          },
          "hovermode": "closest",
          "mapbox": {
           "style": "light"
          },
          "paper_bgcolor": "white",
          "plot_bgcolor": "#E5ECF6",
          "polar": {
           "angularaxis": {
            "gridcolor": "white",
            "linecolor": "white",
            "ticks": ""
           },
           "bgcolor": "#E5ECF6",
           "radialaxis": {
            "gridcolor": "white",
            "linecolor": "white",
            "ticks": ""
           }
          },
          "scene": {
           "xaxis": {
            "backgroundcolor": "#E5ECF6",
            "gridcolor": "white",
            "gridwidth": 2,
            "linecolor": "white",
            "showbackground": true,
            "ticks": "",
            "zerolinecolor": "white"
           },
           "yaxis": {
            "backgroundcolor": "#E5ECF6",
            "gridcolor": "white",
            "gridwidth": 2,
            "linecolor": "white",
            "showbackground": true,
            "ticks": "",
            "zerolinecolor": "white"
           },
           "zaxis": {
            "backgroundcolor": "#E5ECF6",
            "gridcolor": "white",
            "gridwidth": 2,
            "linecolor": "white",
            "showbackground": true,
            "ticks": "",
            "zerolinecolor": "white"
           }
          },
          "shapedefaults": {
           "line": {
            "color": "#2a3f5f"
           }
          },
          "ternary": {
           "aaxis": {
            "gridcolor": "white",
            "linecolor": "white",
            "ticks": ""
           },
           "baxis": {
            "gridcolor": "white",
            "linecolor": "white",
            "ticks": ""
           },
           "bgcolor": "#E5ECF6",
           "caxis": {
            "gridcolor": "white",
            "linecolor": "white",
            "ticks": ""
           }
          },
          "title": {
           "x": 0.05
          },
          "xaxis": {
           "automargin": true,
           "gridcolor": "white",
           "linecolor": "white",
           "ticks": "",
           "title": {
            "standoff": 15
           },
           "zerolinecolor": "white",
           "zerolinewidth": 2
          },
          "yaxis": {
           "automargin": true,
           "gridcolor": "white",
           "linecolor": "white",
           "ticks": "",
           "title": {
            "standoff": 15
           },
           "zerolinecolor": "white",
           "zerolinewidth": 2
          }
         }
        },
        "width": 800,
        "xaxis": {
         "anchor": "y",
         "domain": [
          0,
          1
         ],
         "dtick": 1,
         "tick0": 0,
         "tickmode": "linear",
         "title": {
          "text": "Features"
         }
        },
        "yaxis": {
         "anchor": "x",
         "autorange": "reversed",
         "domain": [
          0,
          1
         ],
         "dtick": 1,
         "tick0": 0,
         "tickmode": "linear",
         "title": {
          "text": "Features"
         }
        }
       }
      }
     },
     "metadata": {},
     "output_type": "display_data"
    }
   ],
   "source": [
    "df_filtered = df[df[\"flights_cnt\"] != 0]\n",
    "numeric_df = df_filtered.select_dtypes(include=\"number\")\n",
    "correlation_matrix = numeric_df.corr()\n",
    "\n",
    "fig = px.imshow(correlation_matrix,\n",
    "                labels=dict(x=\"Features\", y=\"Features\", color=\"Correlation\"),\n",
    "                x=correlation_matrix.columns,\n",
    "                y=correlation_matrix.columns,\n",
    "                color_continuous_scale='RdBu_r',\n",
    "                aspect=\"auto\")\n",
    "\n",
    "# Update layout to ensure all y-axis labels are shown\n",
    "fig.update_layout(\n",
    "    yaxis=dict(\n",
    "        tickmode='linear',  # Ensure all y-axis ticks are included\n",
    "        tick0=0,            # Starting tick\n",
    "        dtick=1             # Step size for ticks (1 ensures every category gets a label)\n",
    "    ),xaxis=dict(\n",
    "        tickmode='linear',  # Ensure all x-axis ticks are included\n",
    "        tick0=0,            # Starting tick\n",
    "        dtick=1             # Step size for ticks (1 ensures every category gets a label)\n",
    "    ),\n",
    "    autosize=False,  # Disable automatic size adjustment\n",
    "    height=800,     # Set the height to ensure enough space for labels\n",
    "    width=800       # Adjust width if necessary\n",
    ")\n",
    "\n",
    "fig.show()"
   ]
  },
  {
   "cell_type": "markdown",
   "id": "530a2b13",
   "metadata": {},
   "source": [
    "# Fligth count inspection:"
   ]
  },
  {
   "cell_type": "code",
   "execution_count": 60,
   "id": "b7cfb3a1",
   "metadata": {},
   "outputs": [
    {
     "data": {
      "text/plain": [
       "<Axes: >"
      ]
     },
     "execution_count": 60,
     "metadata": {},
     "output_type": "execute_result"
    },
    {
     "data": {
