{
 "cells": [
  {
   "cell_type": "markdown",
   "id": "7608738a",
   "metadata": {},
   "source": [
    "## Imports:"
   ]
  },
  {
   "cell_type": "code",
   "execution_count": 4,
   "id": "b2303718",
   "metadata": {},
   "outputs": [],
   "source": [
    "import pandas as pd\n",
    "import plotly.express as px"
   ]
  },
  {
   "cell_type": "markdown",
   "id": "52ba25b2",
   "metadata": {},
   "source": [
    "# Importerer data:"
   ]
  },
  {
   "cell_type": "code",
   "execution_count": 5,
   "id": "f753e84b",
   "metadata": {},
   "outputs": [],
   "source": [
    "df = pd.read_csv(\"../data/processed_data/train.csv\")"
   ]
  },
  {
   "cell_type": "markdown",
   "id": "bce41297",
   "metadata": {},
   "source": [
    "# lager korelasjons matrise:"
   ]
  },
  {
   "cell_type": "code",
   "execution_count": 9,
   "id": "a5d3b83e",
   "metadata": {},
   "outputs": [
    {
     "data": {
      "application/vnd.plotly.v1+json": {
       "config": {
        "plotlyServerURL": "https://plot.ly"
       },
       "data": [
        {
         "coloraxis": "coloraxis",
         "hovertemplate": "Features: %{x}<br>Features: %{y}<br>Correlation: %{z}<extra></extra>",
         "name": "0",
         "type": "heatmap",
         "x": [
          "target_actual",
          "target_sched",
          "flights_cnt",
          "avg_duration",
          "max_duration",
          "passenger_share",
          "cargo_share",
          "charter_share",
          "dow",
          "month",
          "hournum",
          "weekend"
         ],
         "xaxis": "x",
         "y": [
          "target_actual",
          "target_sched",
          "flights_cnt",
          "avg_duration",
          "max_duration",
          "passenger_share",
          "cargo_share",
          "charter_share",
          "dow",
          "month",
          "hournum",
          "weekend"
         ],
         "yaxis": "y",
         "z": [
          [
           1,
           0.5750549033709097,
           0.6974281860776532,
           -0.08222361037151107,
           0.0148612947520259,
           0.04741636398689095,
           -0.02423043950103362,
           -0.04191547790234494,
           -0.05366273147829929,
           0.007978717536334954,
           -0.0062183268990065755,
           -0.07832780424329622
          ],
          [
           0.5750549033709097,
           1,
           0.5690895995033796,
           -0.09156130439788644,
           -0.002038588305622003,
           0.04788656695512619,
           -0.023913976564209675,
           -0.04274273878735591,
           -0.04419713635492061,
           0.013990783900092531,
           -0.03495689350888418,
           -0.07042065976324662
          ],
          [
           0.6974281860776532,
           0.5690895995033796,
           1,
           -0.02271031068010745,
           0.06220987381424619,
           0.03182436250340441,
           -0.01228664847694064,
           -0.031602383925016776,
           -0.05253793786429363,
           0.009037737254134134,
           -0.042910307902299695,
           -0.07879172141299816
          ],
          [
           -0.08222361037151107,
           -0.09156130439788644,
           -0.02271031068010745,
           1,
           0.9647448281623004,
           -0.19707468927442554,
           0.029876435958882147,
           0.24369900078960302,
           0.04427587059379447,
           -0.003994520240882705,
           0.008937591178175918,
           0.05602904554144907
          ],
          [
           0.0148612947520259,
           -0.002038588305622003,
           0.06220987381424619,
           0.9647448281623004,
           1,
           -0.12018039382428537,
           0.01892485237758705,
           0.14766780906650612,
           0.023316000391596835,
           -0.0032762197633556095,
           -0.00045419206993024754,
           0.025852382289248778
          ],
          [
           0.04741636398689095,
           0.04788656695512619,
           0.03182436250340441,
           -0.19707468927442554,
           -0.12018039382428537,
           1,
           -0.6678118882820523,
           -0.7455819883372945,
           -0.03967777669378135,
           -0.0009345078046873939,
           0.0021719372662684848,
           -0.05795041608813586
          ],
          [
           -0.02423043950103362,
           -0.023913976564209675,
           -0.01228664847694064,
           0.029876435958882147,
           0.01892485237758705,
           -0.6678118882820523,
           1,
           0.03315267688227222,
           0.011377887904156994,
           0.00032326610321544206,
           0.0014929628788078904,
           0.017887320745757034
          ],
          [
           -0.04191547790234494,
           -0.04274273878735591,
           -0.031602383925016776,
           0.24369900078960302,
           0.14766780906650612,
           -0.7455819883372945,
           0.03315267688227222,
           1,
           0.04396311019225643,
           0.0011162033554558367,
           -0.0034881827491242724,
           0.06262658494521829
          ],
          [
           -0.05366273147829929,
           -0.04419713635492061,
           -0.05253793786429363,
           0.04427587059379447,
           0.023316000391596835,
           -0.03967777669378135,
           0.011377887904156994,
           0.04396311019225643,
           1,
           0.005866836873490803,
           0.10002383688056235,
           0.724374120587088
          ],
          [
           0.007978717536334954,
           0.013990783900092531,
           0.009037737254134134,
           -0.003994520240882705,
           -0.0032762197633556095,
           -0.0009345078046873939,
           0.00032326610321544206,
           0.0011162033554558367,
           0.005866836873490803,
           1,
           -0.019533426043932246,
           -0.0014563697625000502
          ],
          [
           -0.0062183268990065755,
           -0.03495689350888418,
           -0.042910307902299695,
           0.008937591178175918,
           -0.00045419206993024754,
           0.0021719372662684848,
           0.0014929628788078904,
           -0.0034881827491242724,
           0.10002383688056235,
           -0.019533426043932246,
           1,
           0.1052847491862227
          ],
          [
           -0.07832780424329622,
           -0.07042065976324662,
           -0.07879172141299816,
           0.05602904554144907,
           0.025852382289248778,
           -0.05795041608813586,
           0.017887320745757034,
           0.06262658494521829,
           0.724374120587088,
           -0.0014563697625000502,
           0.1052847491862227,
           1
          ]
         ]
        }
       ],
       "layout": {
        "autosize": false,
        "coloraxis": {
         "colorbar": {
          "title": {
           "text": "Correlation"
          }
         },
         "colorscale": [
          [
           0,
           "rgb(5,48,97)"
          ],
          [
           0.1,
           "rgb(33,102,172)"
          ],
          [
           0.2,
           "rgb(67,147,195)"
          ],
          [
           0.3,
           "rgb(146,197,222)"
          ],
          [
           0.4,
           "rgb(209,229,240)"
          ],
          [
           0.5,
           "rgb(247,247,247)"
          ],
          [
           0.6,
           "rgb(253,219,199)"
          ],
          [
           0.7,
           "rgb(244,165,130)"
          ],
          [
           0.8,
           "rgb(214,96,77)"
          ],
          [
           0.9,
           "rgb(178,24,43)"
          ],
          [
           1,
           "rgb(103,0,31)"
          ]
         ]
        },
        "height": 800,
        "margin": {
         "t": 60
        },
        "template": {
         "data": {
          "bar": [
           {
            "error_x": {
             "color": "#2a3f5f"
            },
            "error_y": {
             "color": "#2a3f5f"
            },
            "marker": {
             "line": {
              "color": "#E5ECF6",
              "width": 0.5
             },
             "pattern": {
              "fillmode": "overlay",
              "size": 10,
              "solidity": 0.2
             }
            },
            "type": "bar"
           }
          ],
          "barpolar": [
           {
            "marker": {
             "line": {
              "color": "#E5ECF6",
              "width": 0.5
             },
             "pattern": {
              "fillmode": "overlay",
              "size": 10,
              "solidity": 0.2
             }
            },
            "type": "barpolar"
           }
          ],
          "carpet": [
           {
            "aaxis": {
             "endlinecolor": "#2a3f5f",
             "gridcolor": "white",
             "linecolor": "white",
             "minorgridcolor": "white",
             "startlinecolor": "#2a3f5f"
            },
            "baxis": {
             "endlinecolor": "#2a3f5f",
             "gridcolor": "white",
             "linecolor": "white",
             "minorgridcolor": "white",
             "startlinecolor": "#2a3f5f"
            },
            "type": "carpet"
           }
          ],
          "choropleth": [
           {
            "colorbar": {
             "outlinewidth": 0,
             "ticks": ""
            },
            "type": "choropleth"
           }
          ],
          "contour": [
           {
            "colorbar": {
             "outlinewidth": 0,
             "ticks": ""
            },
            "colorscale": [
             [
              0,
              "#0d0887"
             ],
             [
              0.1111111111111111,
              "#46039f"
             ],
             [
              0.2222222222222222,
              "#7201a8"
             ],
             [
              0.3333333333333333,
              "#9c179e"
             ],
             [
              0.4444444444444444,
              "#bd3786"
             ],
             [
              0.5555555555555556,
              "#d8576b"
             ],
             [
              0.6666666666666666,
              "#ed7953"
             ],
             [
              0.7777777777777778,
              "#fb9f3a"
             ],
             [
              0.8888888888888888,
              "#fdca26"
             ],
             [
              1,
              "#f0f921"
             ]
            ],
            "type": "contour"
           }
          ],
          "contourcarpet": [
           {
            "colorbar": {
             "outlinewidth": 0,
             "ticks": ""
            },
            "type": "contourcarpet"
           }
          ],
          "heatmap": [
           {
            "colorbar": {
             "outlinewidth": 0,
             "ticks": ""
            },
            "colorscale": [
             [
              0,
              "#0d0887"
             ],
             [
              0.1111111111111111,
              "#46039f"
             ],
             [
              0.2222222222222222,
              "#7201a8"
             ],
             [
              0.3333333333333333,
              "#9c179e"
             ],
             [
              0.4444444444444444,
              "#bd3786"
             ],
             [
              0.5555555555555556,
              "#d8576b"
             ],
             [
              0.6666666666666666,
              "#ed7953"
             ],
             [
              0.7777777777777778,
              "#fb9f3a"
             ],
             [
              0.8888888888888888,
              "#fdca26"
             ],
             [
              1,
              "#f0f921"
             ]
            ],
            "type": "heatmap"
           }
          ],
          "heatmapgl": [
           {
            "colorbar": {
             "outlinewidth": 0,
             "ticks": ""
            },
            "colorscale": [
             [
              0,
              "#0d0887"
             ],
             [
              0.1111111111111111,
              "#46039f"
             ],
             [
              0.2222222222222222,
              "#7201a8"
             ],
             [
              0.3333333333333333,
              "#9c179e"
             ],
             [
              0.4444444444444444,
              "#bd3786"
             ],
             [
              0.5555555555555556,
              "#d8576b"
             ],
             [
              0.6666666666666666,
              "#ed7953"
             ],
             [
              0.7777777777777778,
              "#fb9f3a"
             ],
             [
              0.8888888888888888,
              "#fdca26"
             ],
             [
              1,
              "#f0f921"
             ]
            ],
            "type": "heatmapgl"
           }
          ],
          "histogram": [
           {
            "marker": {
             "pattern": {
              "fillmode": "overlay",
              "size": 10,
              "solidity": 0.2
             }
            },
            "type": "histogram"
           }
          ],
          "histogram2d": [
           {
            "colorbar": {
             "outlinewidth": 0,
             "ticks": ""
            },
            "colorscale": [
             [
              0,
              "#0d0887"
             ],
             [
              0.1111111111111111,
              "#46039f"
             ],
             [
              0.2222222222222222,
              "#7201a8"
             ],
             [
              0.3333333333333333,
              "#9c179e"
             ],
             [
              0.4444444444444444,
              "#bd3786"
             ],
             [
              0.5555555555555556,
              "#d8576b"
             ],
             [
              0.6666666666666666,
              "#ed7953"
             ],
             [
              0.7777777777777778,
              "#fb9f3a"
             ],
             [
              0.8888888888888888,
              "#fdca26"
             ],
             [
              1,
              "#f0f921"
             ]
            ],
            "type": "histogram2d"
           }
          ],
          "histogram2dcontour": [
           {
            "colorbar": {
             "outlinewidth": 0,
             "ticks": ""
            },
            "colorscale": [
             [
              0,
              "#0d0887"
             ],
             [
              0.1111111111111111,
              "#46039f"
             ],
             [
              0.2222222222222222,
              "#7201a8"
             ],
             [
              0.3333333333333333,
              "#9c179e"
             ],
             [
              0.4444444444444444,
              "#bd3786"
             ],
             [
              0.5555555555555556,
              "#d8576b"
             ],
             [
              0.6666666666666666,
              "#ed7953"
             ],
             [
              0.7777777777777778,
              "#fb9f3a"
             ],
             [
              0.8888888888888888,
              "#fdca26"
             ],
             [
              1,
              "#f0f921"
             ]
            ],
            "type": "histogram2dcontour"
           }
          ],
          "mesh3d": [
           {
            "colorbar": {
             "outlinewidth": 0,
             "ticks": ""
            },
            "type": "mesh3d"
           }
          ],
          "parcoords": [
           {
            "line": {
             "colorbar": {
              "outlinewidth": 0,
              "ticks": ""
             }
            },
            "type": "parcoords"
           }
          ],
          "pie": [
           {
            "automargin": true,
            "type": "pie"
           }
          ],
          "scatter": [
           {
            "fillpattern": {
             "fillmode": "overlay",
             "size": 10,
             "solidity": 0.2
            },
            "type": "scatter"
           }
          ],
          "scatter3d": [
           {
            "line": {
             "colorbar": {
              "outlinewidth": 0,
              "ticks": ""
             }
            },
            "marker": {
             "colorbar": {
              "outlinewidth": 0,
              "ticks": ""
             }
            },
            "type": "scatter3d"
           }
          ],
          "scattercarpet": [
           {
            "marker": {
             "colorbar": {
              "outlinewidth": 0,
              "ticks": ""
             }
            },
            "type": "scattercarpet"
           }
          ],
          "scattergeo": [
           {
            "marker": {
             "colorbar": {
              "outlinewidth": 0,
              "ticks": ""
             }
            },
            "type": "scattergeo"
           }
          ],
          "scattergl": [
           {
            "marker": {
             "colorbar": {
              "outlinewidth": 0,
              "ticks": ""
             }
            },
            "type": "scattergl"
           }
          ],
          "scattermapbox": [
           {
            "marker": {
             "colorbar": {
              "outlinewidth": 0,
              "ticks": ""
             }
            },
            "type": "scattermapbox"
           }
          ],
          "scatterpolar": [
           {
            "marker": {
             "colorbar": {
              "outlinewidth": 0,
              "ticks": ""
             }
            },
            "type": "scatterpolar"
           }
          ],
          "scatterpolargl": [
           {
            "marker": {
             "colorbar": {
              "outlinewidth": 0,
              "ticks": ""
             }
            },
            "type": "scatterpolargl"
           }
          ],
          "scatterternary": [
           {
            "marker": {
             "colorbar": {
              "outlinewidth": 0,
              "ticks": ""
             }
            },
            "type": "scatterternary"
           }
          ],
          "surface": [
           {
            "colorbar": {
             "outlinewidth": 0,
             "ticks": ""
            },
            "colorscale": [
             [
              0,
              "#0d0887"
             ],
             [
              0.1111111111111111,
              "#46039f"
             ],
             [
              0.2222222222222222,
              "#7201a8"
             ],
             [
              0.3333333333333333,
              "#9c179e"
             ],
             [
              0.4444444444444444,
              "#bd3786"
             ],
             [
              0.5555555555555556,
              "#d8576b"
             ],
             [
              0.6666666666666666,
              "#ed7953"
             ],
             [
              0.7777777777777778,
              "#fb9f3a"
             ],
             [
              0.8888888888888888,
              "#fdca26"
             ],
             [
              1,
              "#f0f921"
             ]
            ],
            "type": "surface"
           }
          ],
          "table": [
           {
            "cells": {
             "fill": {
              "color": "#EBF0F8"
             },
             "line": {
              "color": "white"
             }
            },
            "header": {
             "fill": {
              "color": "#C8D4E3"
             },
             "line": {
              "color": "white"
             }
            },
            "type": "table"
           }
          ]
         },
         "layout": {
          "annotationdefaults": {
           "arrowcolor": "#2a3f5f",
           "arrowhead": 0,
           "arrowwidth": 1
          },
          "autotypenumbers": "strict",
          "coloraxis": {
           "colorbar": {
            "outlinewidth": 0,
            "ticks": ""
           }
          },
          "colorscale": {
           "diverging": [
            [
             0,
             "#8e0152"
            ],
            [
             0.1,
             "#c51b7d"
            ],
            [
             0.2,
             "#de77ae"
            ],
            [
             0.3,
             "#f1b6da"
            ],
            [
             0.4,
             "#fde0ef"
            ],
            [
             0.5,
             "#f7f7f7"
            ],
            [
             0.6,
             "#e6f5d0"
            ],
            [
             0.7,
             "#b8e186"
            ],
            [
             0.8,
             "#7fbc41"
            ],
            [
             0.9,
             "#4d9221"
            ],
            [
             1,
             "#276419"
            ]
           ],
           "sequential": [
            [
             0,
             "#0d0887"
            ],
            [
             0.1111111111111111,
             "#46039f"
            ],
            [
             0.2222222222222222,
             "#7201a8"
            ],
            [
             0.3333333333333333,
             "#9c179e"
            ],
            [
             0.4444444444444444,
             "#bd3786"
            ],
            [
             0.5555555555555556,
             "#d8576b"
            ],
            [
             0.6666666666666666,
             "#ed7953"
            ],
            [
             0.7777777777777778,
             "#fb9f3a"
            ],
            [
             0.8888888888888888,
             "#fdca26"
            ],
            [
             1,
             "#f0f921"
            ]
           ],
           "sequentialminus": [
            [
             0,
             "#0d0887"
            ],
            [
             0.1111111111111111,
             "#46039f"
            ],
            [
             0.2222222222222222,
             "#7201a8"
            ],
            [
             0.3333333333333333,
             "#9c179e"
            ],
            [
             0.4444444444444444,
             "#bd3786"
            ],
            [
             0.5555555555555556,
             "#d8576b"
            ],
            [
             0.6666666666666666,
             "#ed7953"
            ],
            [
             0.7777777777777778,
             "#fb9f3a"
            ],
            [
             0.8888888888888888,
             "#fdca26"
            ],
            [
             1,
             "#f0f921"
            ]
           ]
          },
          "colorway": [
           "#636efa",
           "#EF553B",
           "#00cc96",
           "#ab63fa",
           "#FFA15A",
           "#19d3f3",
           "#FF6692",
           "#B6E880",
           "#FF97FF",
           "#FECB52"
          ],
          "font": {
           "color": "#2a3f5f"
          },
          "geo": {
           "bgcolor": "white",
           "lakecolor": "white",
           "landcolor": "#E5ECF6",
           "showlakes": true,
           "showland": true,
           "subunitcolor": "white"
          },
          "hoverlabel": {
           "align": "left"
          },
          "hovermode": "closest",
          "mapbox": {
           "style": "light"
          },
          "paper_bgcolor": "white",
          "plot_bgcolor": "#E5ECF6",
          "polar": {
           "angularaxis": {
            "gridcolor": "white",
            "linecolor": "white",
            "ticks": ""
           },
           "bgcolor": "#E5ECF6",
           "radialaxis": {
            "gridcolor": "white",
            "linecolor": "white",
            "ticks": ""
           }
          },
          "scene": {
           "xaxis": {
            "backgroundcolor": "#E5ECF6",
            "gridcolor": "white",
            "gridwidth": 2,
            "linecolor": "white",
            "showbackground": true,
            "ticks": "",
            "zerolinecolor": "white"
           },
           "yaxis": {
            "backgroundcolor": "#E5ECF6",
            "gridcolor": "white",
            "gridwidth": 2,
            "linecolor": "white",
            "showbackground": true,
            "ticks": "",
            "zerolinecolor": "white"
           },
           "zaxis": {
            "backgroundcolor": "#E5ECF6",
            "gridcolor": "white",
            "gridwidth": 2,
            "linecolor": "white",
            "showbackground": true,
            "ticks": "",
            "zerolinecolor": "white"
           }
          },
          "shapedefaults": {
           "line": {
            "color": "#2a3f5f"
           }
          },
          "ternary": {
           "aaxis": {
            "gridcolor": "white",
            "linecolor": "white",
            "ticks": ""
           },
           "baxis": {
            "gridcolor": "white",
            "linecolor": "white",
            "ticks": ""
           },
           "bgcolor": "#E5ECF6",
           "caxis": {
            "gridcolor": "white",
            "linecolor": "white",
            "ticks": ""
           }
          },
          "title": {
           "x": 0.05
          },
          "xaxis": {
           "automargin": true,
           "gridcolor": "white",
           "linecolor": "white",
           "ticks": "",
           "title": {
            "standoff": 15
           },
           "zerolinecolor": "white",
           "zerolinewidth": 2
          },
          "yaxis": {
           "automargin": true,
           "gridcolor": "white",
           "linecolor": "white",
           "ticks": "",
           "title": {
            "standoff": 15
           },
           "zerolinecolor": "white",
           "zerolinewidth": 2
          }
         }
        },
        "width": 800,
        "xaxis": {
         "anchor": "y",
         "domain": [
          0,
          1
         ],
         "dtick": 1,
         "tick0": 0,
         "tickmode": "linear",
         "title": {
          "text": "Features"
         }
        },
        "yaxis": {
         "anchor": "x",
         "autorange": "reversed",
         "domain": [
          0,
          1
         ],
         "dtick": 1,
         "tick0": 0,
         "tickmode": "linear",
         "title": {
          "text": "Features"
         }
        }
       }
      }
     },
     "metadata": {},
     "output_type": "display_data"
    }
   ],
   "source": [
    "numeric_df = df.select_dtypes(include=\"number\")\n",
    "correlation_matrix = numeric_df.corr()\n",
    "\n",
    "fig = px.imshow(correlation_matrix,\n",
    "                labels=dict(x=\"Features\", y=\"Features\", color=\"Correlation\"),\n",
    "                x=correlation_matrix.columns,\n",
    "                y=correlation_matrix.columns,\n",
    "                color_continuous_scale='RdBu_r',\n",
    "                aspect=\"auto\")\n",
    "\n",
    "# Update layout to ensure all y-axis labels are shown\n",
    "fig.update_layout(\n",
    "    yaxis=dict(\n",
    "        tickmode='linear',  # Ensure all y-axis ticks are included\n",
    "        tick0=0,            # Starting tick\n",
    "        dtick=1             # Step size for ticks (1 ensures every category gets a label)\n",
    "    ),xaxis=dict(\n",
    "        tickmode='linear',  # Ensure all x-axis ticks are included\n",
    "        tick0=0,            # Starting tick\n",
    "        dtick=1             # Step size for ticks (1 ensures every category gets a label)\n",
    "    ),\n",
    "    autosize=False,  # Disable automatic size adjustment\n",
    "    height=800,     # Set the height to ensure enough space for labels\n",
    "    width=800       # Adjust width if necessary\n",
    ")\n",
    "\n",
    "fig.show()"
   ]
  },
  {
   "cell_type": "markdown",
   "id": "530a2b13",
   "metadata": {},
   "source": []
  }
 ],
 "metadata": {
  "kernelspec": {
   "display_name": "INF161",
   "language": "python",
   "name": "python3"
  },
  "language_info": {
   "codemirror_mode": {
    "name": "ipython",
    "version": 3
   },
   "file_extension": ".py",
   "mimetype": "text/x-python",
   "name": "python",
   "nbconvert_exporter": "python",
   "pygments_lexer": "ipython3",
   "version": "3.12.4"
  }
 },
 "nbformat": 4,
 "nbformat_minor": 5
}
